0000000000000000000000000000000000000000000000000000000000000000000000000000000000000000000000000000000000000000000000000000000000000000000000000000000000000000000000000000000000000000000000000000000000000000000000000000000000000000000000000000000000000
0000000000000000000000000000000000000000000000000000000000000000000000000000000000000000000000000000000000000000000000000000000000000000000000000000000000000000000000000000000000000000000000000000000000000000000000000000000000000000000000000000000000000
0000000000000000000000000000000000000000000000000000000000000000000000000000000000000000000000000000000000000000000000000000000000000000000000000000000000000000000000000000000000000000000000000000000000000000000000000000000000000000000000000000000000000
0000000000000000000000000000000000000000000000000000000000000000000000000000000000000000000000000000000000000000000000000000000000000000000000000000000000000000000000000000000000000000000000000000000000000000000000000000000000000000000000000000000000000
0000000000000000000000000000000000000000000000000000000000000000000000000000000000000000000000000000000000000000000000000000000000000000000000000000000000000000000000000000000000000000000000000000000000000000000000000000000000000000000000000000000000000
0000000000000000000000000000000000000000000000000001111000000000000000000000000000000000000000000000000000000000000000000000000000000000000000000000000000000000000000000000000000000000000000000000000000000000000000000000000000000000000000000000000000000
0000000000000000000000000000000000000000000000000010111110000010000000000000000000000000000000000000000000000000000000000000000100000000000100000000000000000000000000000000000000000000000000000000000000000000000000000000000000000000000000000000000000000
0000000000000000000000000000000000000000000000111100000101010111111100000000000000000000000000000000000000010000000100000000011100010000011100010000000000000000000000000000000000000000000000000000000000000000000000000000000000000000000000000000000000000
0000000000000000000000000000000000000000000001010000000100000100000100000000000000000000000000000000000001111000000011000000111110001000110011101100000000000000000000000000000000000000000000000000000000000000000000000000000000000000000000000000000000000
0000000000000000000000000000000000000000000011000110000011000000001010000000000000000000000000000000000111011000000011000111111110011000110011001110001001110000000000000000000000000000000000000000000000000000000000000000000000000000000000000000000000000
0000000000000000000000000000000000000000000010101100111001100000000011000000000000000000000000000000000110000000000100100100000000001100000000000001100111011000000000000000000000000000000000000000000000000000000000000000000000000000000000000000000000000
0000000000000000000000000000000000000000000110110110011100110000000011000000000000000000000000000110000000000000111010000000000000001001000010000110101111000011100000000000000000000000000000111111111111000000000000000000000000000000000000000000000000000
0000000000000000000000000000000000000000001110001011000110011001100001010000000000000000000000011110010000000000111011000000000000100000010111000000010000000000000000000000000000000000000001111111111111111000000000000000000000000000000000000000000000000
0000000000000000000000000000000000000000001000000011111111001100010110010000000000000000000110011111000001111000010010000011111101111000011111100000000000101111001010010000000000000000000111111111111111110000000000000000000000000000000000000000000000000
0000000000000000000000000000000000000000011011111001111111111100011011110010010010001110000110000110000011111000000000000011111111111011011001100100100000000010110001011000000000000000011101111111111111111111000000000000000000000000000000000000000000000
0000000000000000000000000000000000000000011111111111111001111111001011110011010011000000000001100000000111111100100000000111100100111111100000001100110000100000000000000001100000001000110001111111111111111111110000000000000000000000000000000000000000000
0000000000000000000000000000000000000000111110111111111111100111110101101101011111000100011110100000000011000000111000001100000000001000001100000011100111111010000001100110100001000010000011111111111111111111111000000000000000000000000000000000000000000
0000000000000000000000000000000000000000111111111111111001111111111110110101101101100111011100100000000000000000011110000000111001000011101100000001000000010010100000000000000001001000000111111111100001111111110000000000000000000000000000000000000000000
0000000000000000000000000000000000000000001111111111111111101111010011110010111101100110011110100000000000000000001110000000111011100011000100000000000000000000100100000000000100010000001111111111000011111111111100000000000000000000000000000000000000000
0000000000000000000000000000000000000000000000111111111100011111011001111010110100100110101010000001101000000001101100000101111011011111011110110000010111110100000000101010100000000000111111111011111110000000110011000000000000000000000000000000000000000
0000000000000000000000000000000000000000111111111100111110011110101101101110011000100010101100001101111000111011110011001111111000001101010000011110011101111101000001111011000000000000011111110111111101111110011001100000000000000000000000000000000000000
0000000000000000000000000000000000000000001001111111011111101110010100100111000111100000000000000111011000011111100110001111000000011000110000000000000000000101011000011100010100010000111111011111111111111111111111000000000000000000000000000000000000000
0000000000000000000000000000000000000010111111111111110011110111011110101110110011101101100100000101000000011111110000011111000011111111110000000000110100000000000000000101100000000001111111111111111111100000000010000000000000000000000000000000000000000
0000000000000000000000000000000000000111111111111111111001111001111010010011011011100100100110000111100001011111000000111000011111111011101101111000101101101110011001000110000110000011101111111111100110111110000000000000000000000000000000000000000000000
0000000000000000000000000000000000011111111111111110011101110001111111011011111100110101111100000011000001100110000000110000011111111010111100111000000000001110001001011000001101100110011111111000000100111111110000000000000000000000000000000000000000000
0000000000000000000000000000000001111111111011111111100111101111011111111111111100011011111100000000000001000000000000000000011110111110011000100000000000000000000001100000111000011100011111110011011111111111100000000000000000000000000000000000000000000
0000000000000000000000000000001111111111111111111111111101110110101011111111010000001011011010011100100101100000000001000000011000000100000000000000001001010000000000100001100000111111110110110111111100011111110000000000000000000000000000000000000000000
0000000000000000000000000000001111111111111111111011111111111111010001010111101101010001000010011000110110000001110111110000000000000000000000001110111110101000101011000000000100010000110110111111111111111111111100000000000000000000000000000000000000000
0000000000000000000000000000011111111111111111111111111111111111101000110111101101010000000110000001101100001110111111011100000001101000000000110010001001111010010000000001001000111110001101111011111111100011111110000000000000000000000000000000000000000
0000000000000000000000000000111111111111111111111111111111111111110110011011111101011000010010001110111100001111111111011110000111000011000011111000000000000000000000000100010000011110011111110111111111111000111100000000000000000000000000000000000000000
0000000000000000000000000001111111111111111111111111101111111011111111100001110100001001011110001001111110001111111110000011000001111111110011001100000000000000000000000001000000010000111111101100111100001110011100000000000000000000000000000000000000000
0000000000000000000000000011111111111111111011111111111111111111111011100101110110001100111100000111111100001101111010000000001001011111110000001000011110001100010101100000001011111110101111001100111011111111001100000000000000000000000000000000000000000
0000000000000000000000000011111100111001111111111111111111110111111110111011111010000000111110000111111000000001111011000000000110111011100000000000010110000111110001100110001110000111011010011011111111111111000000000000000000000000000000000000000000000
0000000000000000000000000111100001100111111111111111111111111111111111011001111101000000010010000011110000000001000001001100000110010000111001000000000001000000001101000100111000001010011110111011111001110011100000000000000000000000000000000000000000000
0000000000000000000000011111000111011111111111111111111111111110111111111111111101110000000000000000000000101000011001000110000000000011111111001100000000010000110010011001111110010000110001011110110100110001100000000000000000000000000000000000000000000
0000000000000000000000111000011100111111111111111111111111111111111111111111011110110011011100011000000011101000011001100110000100100011000010001100011000000000000010011011111100000001100010010101101000011000000000000000000000000000000000000000000000000
0000000000000000000001110000010011111111111111111111111111111111111111111110111111101001111100110000000111100100000011110110000111110010000000001000010110000000000000000111110001011111100010100001010111101100000000000000000000000000000000000000000000000
0000000000000000000001100000000111111111111111111111111111111111111111111111110111111011111101111100101100001100011111010010000011110000100101010000000001111100000001100111110111000111000100101010101011100100000000000000000000000000000000000000000000000
0000000000000000000011000000001111111111111111111111111111111111111101111111111111111111111101110000110100001100011110000011000000010001111110111011010000001010000001001110011100000000111000110011010111110000000000000000000000000000000000000000000000000
0000000000000000000000000000011111111111111111111111111111111111111111111111111111110111111111100001110000010000001110010000001110000011000000001111110100000000000000011111110011000001110011000011111110111000000000000000000000000000000000000000000000000
0000000000000000000000000000111111110011111111111111111111111111111111111111111111111011110010101011110110110010100111101000001100000111000111001001010110100000000000011110101111000001100110000010110011110000000000000000000000000000000000000000000000000
0000000000000000000000000001111111101111111111111111111110011111011111110101111111111101111000101111111111111011110111101001000000011010001101001000000000001000001000001110000000000000111000001000110010000000000000000000000000000000000000000000000000000
0000000000000000000000000111111111011111111111111111111111111111111111111011111111111111111110101111111110111011111101101111000000011000010000000000000100000110000000000111001110100111011000000001100110000000000000000000000000000000000000000000000000000
0000000000000000000000000111111111111011111111111111111111111111111100111101111111111111111111111111110010110001010001101001000000111100000000000000111100111000000000111111110110001010011000100000100111111000000000000000000000000000000000000000000000000
0000000000000000000000001111111100100111111111111111111111101111111010001110111111111111011111111101111000000000000001000000001011101110001101100011111110110110100011111000000100000001011000001000000110000000000000000000000000000000000000000000000000000
0000000000000000000000011011101000001111111111111111111011110111111101111011011111111011111111011110111000000000000000000110000101000100000000000000000100000000111111111000000000000000010110010000000110011000000000000000000000000000000000000000000000000
0000000000000000000000111011000000011111111111111111111111111111001111110100101111111011101111001110110111001111110000000110000000000000000001011001110100110000111111011111110100000000000110110000011111110000000000000000000000000000000000000000000000000
0000000000000000000001110110000000110111111111111111111111011111100001010011110111001110110111110110000110111111110011000011111110011000010111101101010110000000111111111110101000000000010000110011001100000000000000000000000000000000000000000000000000000
0000000000000000000011100000000001100000111111111101111111111110011100111001111001100111111011111111000110100100011000100010000101010000011101110000000000011000011111111101011011001000000000000111000011000000000000000000000000000000000000000000000000000
0000000000000000000011000000000000000000111111111101111111110011100110011110011110011111111111111111110000000000001110100011000111110101000000000000001001100000011111111110111010010000000010110110000100111000000000000000000000000000000000000000000000000
0000000000000000000011000000000000000000111111111111001111111000111000111111011111001001111111111111110010010000000111110000000110101101000000000001001011000001111111111111011100100011000001000110000001100000000000000000000000000000000000000000000000000
0000000000000000000010000000000000000000111111111111111111111110010111100011100111100111111111111111111001110010000011111000000001000001000000001011100000001101111111111111111000100100000000000000000000011110000000000000000000000000000000000000000000000
0000000000000000000000000000000000000000111111111111111011111101101110011000111111110111111110111011111011000001000000001100000000000000000110101011000000010001111101111111111000001001000000000000000000100000000000000000000000000000000000000000000000000
0000000000000000000000000000000000000000111111111011111101000011111111100110001110111111111111111111111011110001101000000011101100001000011111111100000010100011111100001111110000000110000000000001100011101000000000000000000000000000000000000000000000000
0000000000000000000000000000000000000001111111111011111101111000001000111010110001111111111111111111101111111000111101000000011110010010001011100100000100000111111110110111110000001001111110000001100000100000000000000000000000000000000000000000000000000
0000000000000000000000000000000000000001111111110111101110111111100111011111000111111100111111111111101110011100011111001110001111110110000011001100001100000011111111010011110000000011100100000001000000111100000000000000000000000000000000000000000000000
0000000000000000000000000000000000000011111111111111110011111110111111100110011000111011111111111111111100001110000110010111100100110110000000011000000100001111111111111111110000000100011000000000111000100000000000000000000000000000000000000000000000000
0000000000000000000000000000000000000001111111111111111100011111000000111000100011110011101111111111111111100100110110011001110000110010000001111000100010011111111111100111110000000001000000000000010000111100000000000000000000000000000000000000000000000
0000000000000000000000000000000000000011111111111111111111100000011110000111000111110110111111111111111111111000001110001101111110111000000111000011110100011111111111111111110000000111001100000000000000000000000000000000000000000000000000000000000000000
0000000000000000000000000000000000000111111111111111111111011111111000111110001111101100111111111111111111101011000000000001000010000011111100010000100000011111111111101111110000000100000000000010000110111100000000000000000000000000000000000000000000000
0000000000000000000000000000000000000111011111111111111110010000111111100000111111101111111111111111111111110111100010001000000001100111110000110111000001111111101111111111110000001000000000000000011100000000000000000000000000000000000000000000000000000
0000000000000000000000000000000000000011111111111111111111111111011111111111110111001001111111111111111111110101111111110010000001111111000101111110000001111110001111101111110000000000110010000000011000011000000000000000000000000000000000000000000000000
0000000000000000000000000000000000000111111111111111111000000000111111111000000111001111111111011111111111111001101111111101000000011110000101111100000011111110011111100111110000000111101111000000001110000000000000000000000000000000000000000000000000000
0000000000000000000000000000000000001111011111111100111011111111000000000011111111001011111100011111111111111101100011111111110000000001111111110000000111111111111111100011100000000011100100000000000110001000000000000000000000000000000000000000000000000
0000000000000000000000000000000000000111111111111110110001111000000011101111111111010111111100111111111111111111010000111000111100011111111111000000001111111111111111001011100000000000000000000000001110000110000000000000000000000000000000000000000000000
0000000000000000000000000000000000000111111111011111111100000111111111110000001111000111111111111111111111011111111110001000000100001001110110000000011111111111111111000111100000000001111000000000000100001111000000000000000000000000000000000000000000000
0000000000000000000000000000000000000111111110111111100111111111100000000111111111010011111111111111111111011110111111110011000000000000000000001100011111111111111111010111000000000110000011100011100010000000000000000000000000000000000000000000000000000
0000000000000000000000000000000000001111111111111100111011111100111111111111001111010111111111111111111111111111001111111111111100000000000001111000111111111111111110000111000000000000110010000000000110001110000000000000000000000000000000000000000000000
0000000000000000000000000000000000011111111111111110001110000000000000000000000111000011111111111111111111111111000000011111111100111100111111110100111111111111111100011110000000000000000000010000000000000011100000000000000000000000000000000000000000000
0000000000000000000000000000000000001111111111111111111110111111111111111111110111001101111111111111110010110111100000100001111000111111111111000101101111111111111000101100000000001111000001100000000000000100000000000000000000000000000000000000000000000
0000000000000000000000000000000000001111110011111111111011111100000100000000000111101101111111111111111111110111100110111000011110000111111111100101100111111111100011011100000000000000111100000000000000000110000000000000000000000000000000000000000000000
0000000000000000000000000000000000011111111111111111111111000011110011111110000111100111011111111111101101111111110111011110111111100000000000100111010000111110000000011100000000010000000000000011100000000110000000000000000000000000000000000000000000000
0000000000000000000000000000000000111001111111111111111110001111111110000001111111110000011111111100011100111111111000111111111111100010101011110111001000000000000000111000000000001001111100000000000000000010000000000000000000000000000000000000000000000
0000000000000000000000000000000000111111111111111111011111111111111111111101110011110001010011100001001111111111111001010001111100000001100110100111100100000001000001110110000000000000000000110000000010000011000000000000000000000000000000000000000000000
0000000000000000000000000000000000111111111111111111110001110000001111111000001111111001100100000001111011111111111111100000010000110010000100111111011010000100000011110100000010000011110000000000000110000000000000000000000000000000000000000000000000000
0000000000000000000000000000000000011011111111111111111111000000111100000110111000111100011010101001011111111111111111000000000011111111001100111111000101110100001111100100000001100000001000000011000110000110000000000000000000000000000000000000000000000
0000000000000000000000000000000000111111111001111111111111111110000011111111111110111111001011001010111111111111111111100110000011111111111111111111100000000000011111001000000110011110000000000000001111000011000000000000000000000000000000000000000000000
0000000000000000000000000000000001111111110011111111111111111011111111111111100000001111100000010101111111111111111111111111111111111001111111100111111000000000111110011000000011100000000000000010001100000011100000000000000000000000000000000000000000000
0000000000000000000000000000000001111111111111111111111111101111000111110010000100110111111111011111111111111111111110111111111111111010011110101111111111111111111000100000011000011000111000000000000000000010000000000000000000000000000000000000000000000
0000000000000000000000000000000000001111000111111111111110111000111100001100111111111111111111111111111111111111111111111111111111111110011101101111111111111111100011000000001100000000000001000000000001100001000000000000000000000000000000000000000000000
0000000000000000000000000000000000011111111111111111111111100111100000011111011001001001111111111111111111111111111111111110111010111101000110111111111111111000000110000000000011000011110000100000001111100000110000000000000000000000000000000000000000000
0000000000000000000000000000000000111111111111111001110011110011000011100110110010010110000111111100010111111111111111011110110001011011000111111111111111111111111000000010000001110000010000000000001110000001100000000000000000000000000000000000000000000
0000000000000000000000000000000000111111111111111111111000000100111110111001101101001110010101111000100111111111111110110111011011011011100011111111111111111110000000000011000000011000000000000111000000000000010000000000000000000000000000000000000000000
0000000000000000000000000000000000111111111111111111111110011110100011100010010011111100100011110001101111111101011110100111011010011111101011111111110011110010000000000101100000000000000000000000000000000011000000000000000000000000000000000000000000000
0000000000000000000000000000000000111111011111111111111111110001011111011100101101001100011110110011111101111001101111100110110010011111111101111111100011011001000000000100011000101110000110100000001100100011100000000000000000000000000000000000000000000
0000000000000000000000000000000000111111111111111111111000100010111101110010111110011100101001100101011011111010001101011100111010111111111101101111111101100110110011000010000000011101100000010000001111100001010000000000000000000000000000000000000000000
0000000000000000000000000000000001111111111111111111001011001100111000111100111000101011111011001111111100010110010101011110001010111100001110100100110000111000001101101001100000000010000000011000011110000000100000000000000000000000000000000000000000000
0000000000000000000000000000000001111110011110011111111000000011110101110011110111110110001110010010110001100110011010011110001010111101000110010110111000100010000011101000111000100000000000000111101100000001010000000000000000000000000000000000000000000
0000000000000000000000000000000011111111111111111111111110110111001111111111000111001111011101100111000110100101011010011110001010111011000011011010011100011001001000110100000100011000000100000000011100000001000000000000000000000000000000000000000000000
0000000000000000000000000000000011111111111111111111111111110110011101001010110101010011111111011100101101001110100000101101001010110111100011001001011010001000110000001010001110000000000010110000000110000010100000000000000000000000000000000000000000000
0000000000000000000000000000000111111111111111111111111001001100111010011001110011100111100110111001011100101101100000101001110100111100100111100101001001100010010001000010001111000001000001011000000011000011010000000000000000000000000000000000000000000
0000000000000000000000000000000111111111111111111111111111110001111110110010100110101110001010110011001011011011100101101010110011111011110011100110100100111000000001000010000111000000100100100110000011000011100000000000000000000000000000000000000000000
0000000000000000000000000000000111111111111111111111111111111110111101100100011101101110111100110011011011010100000101001110111011111111100111000110100110001100000101100001000100100000010110010011100000000011000000000000000000000000000000000000000000000
0000000000000000000000000000000011111111111111111111111110110101111011101011111010011100011011100100110111110100001100001110111011111111100111000010010011000010000010010000100000000000001001101111111100000001100000000000000000000000000000000000000000000
0000000000000000000000000000000001111111111111111111110001000111110110111111110001111000111110001101110111011101001000101000011011111101000111000010010001100001001010000100110000000100000100000011101100001111100000000000000000000000000000000000000000000
0000000000000000000000000000000011111111111111111111110011001111101110111000100110110011111101101001101110110001001000000000011111111101000101000010010000000000100101001010010000000010010110000001110010000100100000000000000000000000000000000000000000000
0000000000000000000000000000000011111111111111111111111110111110011100000001001100100101111000101101100011110001001100100101011111111110100101001010110110001000000000101101011001100011001010000011111001000100100000000000000000000000000000000000000000000
0000000000000000000000000000000111111111111001011111111111011011101110100110011001001101101001011011100110010100001101000000111111111111100101001010110111000110001100000100101000100000000111000011111110000100100000000000000000000000000000000000000000000
0000000000000000000000000000000111111111110011011111111111110111011101011101010010010010011110101011001110011110100101001001011111111111111101001010010100110010010110000010000010100000110001101001111110000110010000000000000000000000000000000000000000000
0000000000000000000000000000001111111111100111111111111111111110111010010100100100100000001110110010011100010010001100000001011111111111011101001010111110111101111000000001000010011100011100111110111100000001010000000000000000000000000000000000000000000
0000000000000000000000000000001101111111011111111111111111111001110110101001001001000011011100110111010100110101010100100000001111111111011101010001011110011100000010000001000011000110001110010111011100001101100000000000000000000000000000000000000000000
0000000000000000000000000000000101111110110011011111111111110011100101001110111011001110111101101110101001101101010100010011001110111111001101011000101010000100000000001000100001101001000101011111101100001110100000000000000000000000000000000000000000000
0000000000000000000000000000001111111101100111111111111111111111101001010101110011011101111010111111011110111010110101011001001111111111111101001010101010000010000000000100000000110100100011111111000000000100100000000000000000000000000000000000000000000
0000000000000000000000000000001111111111001110111111111111111111011010111011100110111111111110111110010100100100110111011001100111111111111001001010011010100010000000000010110000010010011001111111100000011100100000000000000000000000000000000000000000000
0000000000000000000000000000011111110110111101111111011111111110110101111011100110111010111111111111101101110111111110101001100111111111011011011010010010100100000100000010011000001001000000111111110000011110000000000000000000000000000000000000000000000
0000000000000000000000000000001101111111111111111110011111111101101010100111101111111101111111101110111001100110111011010001100111111111011010010010111100100001000010000001000101001110000100111111111100001110000000000000000000000000000000000000000000000
0000000000000000000000000000001111111111111111111110111111111111011100011011101111111011111111100111011101011110111010011001110111111111110010111110111100100001001011001010000010100101000100111111111100000111000000000000000000000000000000000000000000000
0000000000000000000000000000001111111111111111111111111111111111111101110111001101110111111101111011011111010110111010001100110111111111110100111100111101010000101100000101000011110010000110011111111000001111000000000000000000000000000000000000000000000
0000000000000000000000000000001111111111101111111111110111111111111111101111011011011101111111011111011110010110110110001110110111111111110001111101111111011000100100000000110001111011101110011111111000000101110000000000000000000000000000000000000000000
0000000000000000000000000000001111011111011111100111101111111111111111111111101011011011111010011100111110010110110111001010111111111111110001111010111111010100010000010000001000101100111111001111111010000110110000000000000000000000000000000000000000000
0000000000000000000000000000000111011111111111101111111111111111111111111111100110111111110100111011111010011010111010100010111111111111110111111111111110011000010010000100000100010000111111100011111001100000000000000000000000000000000000000000000000000
0000000000000000000000000000001111111111111111111111111111111111111111111010100111110011101101111011111011111010011010100011010111111111101111111101111110111000010000000001000100000001011111100000110001100000000000000000000000000000000000000000000000000
0000000000000000000000000000000011111111110111111111111111111111111111111111111111010111101011000111111010010010001101100111011111111111111001111111001110011001000000101100100010001101011111110000111010110000001100000000000000000000000000000000000000000
0000000000000000000000000000000111111111101101111111111111111111111111111111111110110101111010100011110111011011001101000111001010111111101111110111001101011011100000100010100001001111011111110000011101011000000110000000000000000000000000000000000000000
0000000000000000000000000000000011111101111011111111111111111111111111110011101110101001100101000011110111001000000100100011001010111111100111110110001111111110110000010010010001111111001111111000001101000110001110000000000000000000000000000000000000000
0000000000000000000000000000000000111011110011111111101111111111111111110110011101001010100110100010100001000000110011100001100000111111100100100010111111111100011000010001001011111111000111111000000000011011001100000000000000000000000000000000000000000
0000000000000000000000000000000000111011110111111011101111111111111111111101010101111101111111000010000000111111111111100001110000111111001000000100111100001000011000111101001100111111100111111100000000001001101000000000000000000000000000000000000000000
0000000000000000000000000000000001110011101111111111111111111111111111111100111111100101111111000111001011111100111110010000100000011111001110001001000000000000010000011000000100011111110111111110000000001100010000000000000000000000000000000000000000000
0000000000000000000000000000000001110111111111111001111111111111111111111010111110100111011111101111011110000000000100110110000000011111001111111000000000000000110000010000111100011111100011111110000000100110001000000000000000000000000000000000000000000
0000000000000000000000000000000001100111111111111111111111111111111111100110101100111110010111111111110000110001010000000111111100011110011111100000011011000110111011010101011111011111110011011110100000110010000100000000000000000000000000000000000000000
0000000000000000000000000000000001101111111111111111111111111111111111001110000010000110111110110000110010111111111111100100111001011110111110000001101001000010001011111111001110011111111011001100010000110000111100001000000000000000000000000000000000000
0000000000000000000000000000000001111111111111111011111111111111111111111100110111111111101100000000001111011111111111111101111111111100110000000110100000000000001000010000011000111111111011100000111000011000111100001000000000000000000000000000000000000
0000000000000000000000000000000011111111111111110111111111111111111110101011110110110011000110011011111111001111111111111111011101111101100001011010000000000000000000000000110001111111100001100000110111011001111000011000000000000000000000000000000000000
0000000000000000000000000000000011111110111111111111111111111111111111111111111001000000000111111111111111000000000001111111000000011100000101000000000000001110000000000011100001111111000001110000110101100011111000010000000000000000000000000000000000000
0000000000000000000000000000000011111110111011111111111111111111111011001110100110011011000011101101000011111010000000001111110100111000011100000000001111111110100001111111000000110111000001110000111100000001111110000000000000000000000000000000000000000
0000000000000000000000000000000011111101111111011111111111111111110100011101001001111111111000001100111011011011111111000000110100111001110000110001111111111100011111111000000000110010000001010101111100000001111011000000000000000000000000000000000000000
0000000000000000000000000000000011111111111110110111111111111111101111111111011111000111111111111111110011011000011111111110000110011011011011111101010000000000000011000000000000110000000000111111111110110001100010100000000000000000000000000000000000000
0000000000000000000000000000000011111111111100110111111111111111001111111111111110000100000101111001001111111111000001111111000001010010011111111001111110000000000000000000000000000000000000100110001010110001100011000000000000000000000000000000000000000
0000000000000000000000000000000011111111111111101111111111011100011111101011111001011000000000000110000100101110011101001111110011100001111111100010000000000000000000000001001000100011100000110101001000100000110001101000000000000000000000000000000000000
0000000000000000000000000000000001101111111111011111111111111100111101011111010110110001001001111111111111110000011111100000111001000011111110000110000000000100000100000101001000100011100110010001110000110001111000001100000000000000000000000000000000000
